01 123456 000000 00002000 000000000000000
01 654321 000000 00020000 000000000000000
01 654321 000000 00020000 000000000000000
01 654321 000000 00020000 000000000000000
02 654321 000000 00020000 000000000000000
02 123456 000000 00002000 000000000000000
03 123456 654321 00000100 000000000000000
03 123456 654321 00001000 000000000000000
03 654321 123456 00000100 000000000000000
04 234567 000000 00000000 Bla bla        
05 234565 000000 00000000 Bouh                 
00 000000 000000 00000000 000000000000000
